0.0000	0.0050	0.0017	-0.0000	0.0178	0.0000
0.0100	0.0050	0.0016	0.5687	0.0178	9.8600
0.0200	0.0050	0.0015	0.5572	0.2266	9.8600
0.0300	0.0050	0.0013	0.5213	0.4976	0.0000
0.0400	0.0050	0.0006	0.3899	0.6376	6.8873
0.0500	0.0050	0.0003	0.4097	0.5354	0.9196
0.0600	0.0050	0.0002	0.4269	0.2199	1.1403
0.0700	0.0050	0.0002	0.4270	0.1044	8.7366
0.0800	0.0050	0.0001	0.4197	0.2799	9.8600
0.0900	0.0050	0.0000	0.4002	0.5221	0.0000
0.1000	0.0050	0.0001	0.4368	0.1866	9.8600
0.1100	0.0050	0.0000	0.3830	0.3755	0.0000
0.1200	0.0050	0.0000	0.4147	0.1400	9.8600
0.1300	0.0050	0.0000	0.3927	0.3466	0.0000
0.1400	0.0050	0.0000	0.4098	0.1355	9.8600
0.1500	0.0050	0.0000	0.3877	0.3421	0.0000
0.1600	0.0050	0.0000	0.3926	0.1333	9.8600
0.1700	0.0050	0.0000	0.3901	0.2666	0.0000
0.1800	0.0050	0.0000	0.3876	0.1089	9.8600
0.1900	0.0050	0.0000	0.3851	0.3244	0.0000
0.2000	0.0050	0.0000	0.3826	0.1311	9.8600
0.2100	0.0050	0.0000	0.3801	0.3377	0.0000
0.2200	0.0050	0.0000	0.3776	0.1311	9.8600
0.2300	0.0050	0.0000	0.3751	0.3399	0.0000
0.2400	0.0050	0.0000	0.3726	0.1333	9.8600
0.2500	0.0050	0.0000	0.3701	0.3421	0.0000
0.2600	0.0050	0.0000	0.3676	0.1333	9.8600
0.2700	0.0050	0.0000	0.3651	0.3421	0.0000
0.2800	0.0050	0.0000	0.3626	0.1333	9.8600
0.2900	0.0050	0.0000	0.3601	0.2111	0.0000
0.3000	0.0050	0.0000	0.3576	0.0933	9.8600
0.3100	0.0050	0.0000	0.3551	0.3088	0.0000
0.3200	0.0050	0.0000	0.3526	0.1266	9.8600
0.3300	0.0050	0.0000	0.3501	0.3355	0.0000
0.3400	0.0050	0.0000	0.3476	0.1333	9.8600
0.3500	0.0050	0.0000	0.3451	0.3377	0.0000
0.3600	0.0050	0.0000	0.3426	0.1377	9.8600
0.3700	0.0050	0.0000	0.3401	0.3421	0.0000
0.3800	0.0050	0.0000	0.3376	0.1333	9.8600
0.3900	0.0050	0.0000	0.3351	0.3399	0.0000
0.4000	0.0050	0.0000	0.3326	0.1333	9.8600
0.4100	0.0050	0.0000	0.3301	0.3421	0.0000
0.4200	0.0050	0.0000	0.3276	0.1400	9.8600
0.4300	0.0050	0.0000	0.3251	0.3488	0.0000
0.4400	0.0050	0.0000	0.3226	0.1355	9.8600
0.4500	0.0050	0.0000	0.3201	0.3421	0.0000
0.4600	0.0050	0.0000	0.3176	0.1333	9.8600
0.4700	0.0050	0.0000	0.3151	0.3421	0.0000
0.4800	0.0050	0.0000	0.3126	0.1355	9.8600
0.4900	0.0050	0.0000	0.3101	0.3421	0.0000
0.5000	0.0050	0.0000	0.3076	0.1333	9.8600
0.5100	0.0050	0.0000	0.3051	0.3399	0.0000
0.5200	0.0050	0.0000	0.3026	0.1333	9.8600
0.5300	0.0050	0.0000	0.3001	0.3421	0.0000
0.5400	0.0050	0.0000	0.2976	0.4043	8.5789
0.5500	0.0050	0.0000	0.2951	0.4643	4.6264
0.5600	0.0050	0.0000	0.2926	0.3510	0.8788
0.5700	0.0050	0.0000	0.2901	0.1533	1.4683
0.5800	0.0050	0.0000	0.2876	0.0889	6.3151
0.5900	0.0050	0.0000	0.2851	0.1866	9.8600
0.6000	0.0050	0.0000	0.2826	0.4354	0.0000
0.6100	0.0050	0.0000	0.2801	0.1577	9.8600
0.6200	0.0050	0.0000	0.2776	0.3621	0.0000
0.6300	0.0050	0.0000	0.2751	0.1400	9.8600
0.6400	0.0050	0.0000	0.2726	0.3466	0.0000
0.6500	0.0050	0.0000	0.2701	0.1355	9.8600
0.6600	0.0050	0.0000	0.2676	0.0489	0.0000
0.6700	0.0050	0.0000	0.2651	0.0244	9.8600
0.6800	0.0050	0.0000	0.2626	0.2199	0.0000
0.6900	0.0050	0.0000	0.2601	0.0955	9.8600
0.7000	0.0050	0.0000	0.2576	0.3155	0.0000
0.7100	0.0050	0.0000	0.2551	0.1289	9.8600
0.7200	0.0050	0.0000	0.2526	0.3355	0.0000
0.7300	0.0050	0.0000	0.2501	0.1311	9.8600
0.7400	0.0050	0.0000	0.2476	0.3399	0.0000
0.7500	0.0050	0.0000	0.2451	0.1333	9.8600
0.7600	0.0050	0.0000	0.2426	0.3421	0.0000
0.7700	0.0050	0.0000	0.2401	0.1333	9.8600
0.7800	0.0050	0.0000	0.2376	0.3399	0.0000
0.7900	0.0050	0.0000	0.2351	0.2821	9.2952
0.8000	0.0050	0.0000	0.2326	0.4332	6.0403
0.8100	0.0050	0.0000	0.2301	0.4154	0.2044
0.8200	0.0050	0.0000	0.2276	0.1577	0.0000
0.8300	0.0050	0.0000	0.2251	0.0578	9.8600
0.8400	0.0050	0.0000	0.2226	0.2577	0.0000
0.8500	0.0050	0.0000	0.2323	0.1089	9.8600
0.8600	0.0050	0.0000	0.2103	0.3199	0.0000
0.8700	0.0050	0.0000	0.2273	0.1289	9.8600
0.8800	0.0050	0.0000	0.2053	0.3377	0.0000
0.8900	0.0050	0.0000	0.2223	0.1333	9.8600
0.9000	0.0050	0.0000	0.2003	0.3355	0.0000
0.9100	0.0050	0.0001	0.2296	0.2777	9.2826
0.9200	0.0050	0.0000	0.2003	0.4266	5.7011
0.9300	0.0050	0.0001	0.2173	0.3999	0.0000
0.9400	0.0050	0.0001	0.2198	0.1355	8.4217
0.9500	0.0050	0.0001	0.1978	0.2821	8.8477
0.9600	0.0050	0.0001	0.2027	0.4799	4.0029
0.9700	0.0050	0.0002	0.2247	0.3377	0.0000
0.9800	0.0050	0.0002	0.2198	0.1133	9.8600
0.9900	0.0050	0.0002	0.1979	0.3199	0.0000
1.0000	0.0050	0.0003	0.2395	0.1311	9.8600
1.0100	0.0050	0.0003	0.2151	0.3466	0.0000
1.0200	0.0050	0.0005	0.2617	0.1355	9.8600
1.0300	0.0050	0.0007	0.2668	0.0489	0.0000
1.0400	0.0050	0.0009	0.2915	0.0267	9.8600
1.0500	0.0050	0.0012	0.3457	0.2399	0.0000
1.0600	0.0050	0.0020	0.4757	0.1044	9.8600
1.0700	0.0050	0.0029	0.6086	0.3310	0.0000
1.0800	0.0050	0.0044	0.8270	0.1377	9.8600
1.0900	0.0050	0.0058	0.8270	0.3510	0.0000
1.1000	0.0050	0.0071	0.7989	0.1444	9.8600
1.1100	0.0050	0.0077	0.7560	0.3532	0.0000
1.1200	0.0050	0.0077	0.6693	0.1444	9.8600
1.1300	0.0050	0.0070	0.4996	0.3555	0.0000
1.1400	0.0050	0.0061	0.3711	0.1422	9.8600
1.1500	0.0050	0.0049	0.2299	0.3532	0.0000
1.1600	0.0050	0.0041	0.1785	0.2666	8.8031
1.1700	0.0050	0.0032	0.0901	0.3955	3.5531
1.1800	0.0050	0.0026	0.0867	0.2799	0.0000
1.1900	0.0050	0.0023	0.0929	0.1000	9.7747
1.2000	0.0050	0.0021	0.0744	0.3066	6.8609
1.2100	0.0050	0.0020	0.0852	0.4110	0.0000
1.2200	0.0050	0.0019	0.0617	0.1422	8.8943
1.2300	0.0050	0.0018	0.0699	0.3155	4.4990
1.2400	0.0050	0.0018	0.0756	0.2888	0.0000
1.2500	0.0050	0.0019	0.0863	0.1044	9.6423
1.2600	0.0050	0.0019	0.0896	0.3110	6.6584
1.2700	0.0050	0.0020	0.1051	0.4043	0.0000
1.2800	0.0050	0.0020	0.0890	0.4132	5.9692
1.2900	0.0050	0.0021	0.0997	0.3710	0.0000
1.3000	0.0050	0.0022	0.1153	0.1333	9.6445
1.3100	0.0050	0.0022	0.1115	0.3355	6.6334
1.3200	0.0050	0.0023	0.1272	0.4110	0.0000
1.3300	0.0050	0.0024	0.1356	0.1422	9.7810
1.3400	0.0050	0.0024	0.1319	0.3421	7.1392
1.3500	0.0050	0.0026	0.1599	0.4377	0.0212
1.3600	0.0050	0.0028	0.1856	0.1533	0.0000
1.3700	0.0050	0.0030	0.2162	0.0578	9.8600
1.3800	0.0050	0.0033	0.2397	0.2688	0.0000
1.3900	0.0050	0.0037	0.3121	0.1177	9.8600
1.4000	0.0050	0.0041	0.3311	0.3377	0.0000
1.4100	0.0050	0.0046	0.4259	0.2799	9.8600
1.4200	0.0050	0.0050	0.4355	0.4510	0.0000
1.4300	0.0050	0.0056	0.5235	0.1711	9.8600
1.4400	0.0050	0.0063	0.5947	0.3710	0.0000
1.4500	0.0050	0.0069	0.6588	0.1488	9.8600
1.4600	0.0050	0.0075	0.7111	0.3621	0.0000
1.4700	0.0050	0.0080	0.7588	0.1466	9.8600
1.4800	0.0050	0.0086	0.8140	0.3621	0.0000
1.4900	0.0050	0.0090	0.8270	0.1488	9.8600
1.5000	0.0050	0.0094	0.8231	0.3621	0.0000
1.5100	0.0050	0.0097	0.8270	0.1488	9.8600
1.5200	0.0050	0.0099	0.8213	0.3577	0.0000
1.5300	0.0050	0.0100	0.8188	0.5932	9.8600
1.5400	0.0050	0.0097	0.7334	0.7020	0.0000
1.5500	0.0050	0.0092	0.6453	0.2466	9.8600
1.5600	0.0050	0.0087	0.6181	0.4088	0.0000
1.5700	0.0050	0.0085	0.6248	0.1622	9.8600
1.5800	0.0050	0.0085	0.6510	0.3666	0.0000
1.5900	0.0050	0.0086	0.6845	0.1488	9.8600
1.6000	0.0050	0.0087	0.7083	0.3599	0.0000
1.6100	0.0050	0.0089	0.7370	0.1488	9.8600
1.6200	0.0050	0.0089	0.7097	0.3599	0.0000
1.6300	0.0050	0.0087	0.6750	0.1488	9.8600
1.6400	0.0050	0.0086	0.6499	0.3577	0.0000
1.6500	0.0050	0.0083	0.6077	0.1933	9.8600
1.6600	0.0050	0.0079	0.5678	0.3377	0.0000
1.6700	0.0050	0.0077	0.5595	0.1400	9.8600
1.6800	0.0050	0.0075	0.5486	0.3510	0.0000
1.6900	0.0050	0.0074	0.5547	0.1466	9.8600
1.7000	0.0050	0.0072	0.5339	0.3555	0.0000
1.7100	0.0050	0.0071	0.5326	0.1444	9.8600
1.7200	0.0050	0.0071	0.5361	0.3555	0.0000
1.7300	0.0050	0.0071	0.5567	0.1466	9.8600
1.7400	0.0050	0.0071	0.5505	0.3577	0.0000
1.7500	0.0050	0.0072	0.5760	0.1466	9.8600
1.7600	0.0050	0.0073	0.5746	0.3577	0.0000
1.7700	0.0050	0.0074	0.6051	0.1466	9.8600
1.7800	0.0050	0.0074	0.5843	0.2111	0.0000
1.7900	0.0050	0.0077	0.6589	0.1022	9.8600
1.8000	0.0050	0.0079	0.6651	0.3266	0.0000
1.8100	0.0050	0.0081	0.6861	0.1422	9.8600
1.8200	0.0050	0.0082	0.6828	0.3532	0.0000
1.8300	0.0050	0.0081	0.6453	0.1466	9.8600
1.8400	0.0050	0.0080	0.6371	0.3577	0.0000
1.8500	0.0050	0.0079	0.6288	0.1466	9.8600
1.8600	0.0050	0.0079	0.6327	0.3555	0.0000
1.8700	0.0050	0.0080	0.6659	0.1444	9.8600
1.8800	0.0050	0.0082	0.7138	0.0600	0.0000
1.8900	0.0050	0.0089	0.8270	0.0378	9.8600
1.9000	0.0050	0.0097	0.8270	0.2555	0.0000
1.9100	0.0050	0.0105	0.8270	0.1200	9.8600
1.9200	0.0050	0.0111	0.8270	0.3444	0.0000
1.9300	0.0050	0.0116	0.8270	0.1488	9.8600
1.9400	0.0050	0.0120	0.8270	0.3621	0.0000
1.9500	0.0050	0.0124	0.8270	0.1555	9.8600
1.9600	0.0050	0.0128	0.8270	0.3643	0.0000
1.9700	0.0050	0.0130	0.8192	0.1533	9.8600
1.9800	0.0050	0.0133	0.8270	0.3666	0.0000
1.9900	0.0050	0.0134	0.8105	0.1555	9.8600
2.0000	0.0050	0.0136	0.8270	0.3688	0.0000
2.0100	0.0050	0.0139	0.8270	0.2266	9.8600
2.0200	0.0050	0.0141	0.8027	0.4199	0.0000
2.0300	0.0050	0.0144	0.8270	0.1666	9.8600
2.0400	0.0050	0.0147	0.8246	0.3755	0.0000
2.0500	0.0050	0.0149	0.8270	0.1577	9.8600
2.0600	0.0050	0.0152	0.8270	0.3688	0.0000
2.0700	0.0050	0.0154	0.8149	0.1577	9.8600
2.0800	0.0050	0.0156	0.8270	0.3688	0.0000
2.0900	0.0050	0.0157	0.8270	0.1600	9.8600
2.1000	0.0050	0.0157	0.8031	0.3688	0.0000
2.1100	0.0050	0.0156	0.7718	0.1577	9.8600
2.1200	0.0050	0.0154	0.7502	0.3666	0.0000
2.1300	0.0050	0.0150	0.6870	0.3799	9.8600
2.1400	0.0050	0.0142	0.5551	0.5154	0.0000
2.1500	0.0050	0.0133	0.4571	0.1955	9.8600
2.1600	0.0050	0.0122	0.3122	0.3866	0.0000
2.1700	0.0050	0.0107	0.1056	0.1555	9.2615
2.1800	0.0050	0.0092	-0.0000	0.3444	4.2316
2.1900	0.0050	0.0078	-0.0000	0.3021	0.0000
2.2000	0.0050	0.0066	-0.0000	0.1133	8.5004
2.2100	0.0050	0.0058	0.0054	0.2799	3.1667
2.2200	0.0050	0.0050	-0.0000	0.2244	0.0000
2.2300	0.0050	0.0044	0.0162	0.0822	9.0683
2.2400	0.0050	0.0041	0.0062	0.2777	4.6223
2.2500	0.0050	0.0036	-0.0000	0.5043	0.0000
2.2600	0.0050	0.0031	-0.0000	0.1777	7.7272
2.2700	0.0050	0.0025	-0.0000	0.2844	1.1157
2.2800	0.0050	0.0022	0.0373	0.1555	0.0000
2.2900	0.0050	0.0021	0.0311	0.0600	9.5130
2.3000	0.0050	0.0021	0.0711	0.2688	6.6202
2.3100	0.0050	0.0025	0.1723	0.3777	0.5977
2.3200	0.0050	0.0028	0.1662	0.1666	0.0000
2.3300	0.0050	0.0029	0.1651	0.0622	9.8600
2.3400	0.0050	0.0033	0.2398	0.2733	0.0000
2.3500	0.0050	0.0037	0.2781	0.1200	9.8600
2.3600	0.0050	0.0039	0.2555	0.3355	0.0000
2.3700	0.0050	0.0042	0.3184	0.1377	9.8600
2.3800	0.0050	0.0044	0.3278	0.2533	0.0000
2.3900	0.0050	0.0050	0.4253	0.1111	9.8600
2.4000	0.0050	0.0055	0.4790	0.3332	0.0000
2.4100	0.0050	0.0063	0.5819	0.1377	9.8600
2.4200	0.0050	0.0071	0.6925	0.3555	0.0000
2.4300	0.0050	0.0082	0.8270	0.1466	9.8600
2.4400	0.0050	0.0095	0.8270	0.3599	0.0000
2.4500	0.0050	0.0109	0.8270	0.1511	9.8600
2.4600	0.0050	0.0125	0.8270	0.3666	0.0000
2.4700	0.0050	0.0141	0.8270	0.1555	9.8600
2.4800	0.0050	0.0155	0.8270	0.3666	0.0000
2.4900	0.0050	0.0166	0.8252	0.1600	9.8600
2.5000	0.0050	0.0174	0.8270	0.1444	0.0000
2.5100	0.0050	0.0182	0.8270	0.0911	9.8600
2.5200	0.0050	0.0185	0.7874	0.3110	0.0000
2.5300	0.0050	0.0184	0.7184	0.1488	9.8600
2.5400	0.0050	0.0182	0.6909	0.3643	0.0000
2.5500	0.0050	0.0180	0.6658	0.1600	9.8600
2.5600	0.0050	0.0178	0.6722	0.3710	0.0000
2.5700	0.0050	0.0178	0.6884	0.1622	9.8600
2.5800	0.0050	0.0176	0.6655	0.3732	0.0000
2.5900	0.0050	0.0173	0.6083	0.1600	9.8600
2.6000	0.0050	0.0168	0.5314	0.3688	0.0000
2.6100	0.0050	0.0161	0.4468	0.1577	9.8600
2.6200	0.0050	0.0153	0.3717	0.0711	0.0000
2.6300	0.0050	0.0146	0.3036	0.0467	9.8600
2.6400	0.0050	0.0140	0.2717	0.2622	0.0000
2.6500	0.0050	0.0133	0.1932	0.1222	9.8600
2.6600	0.0050	0.0129	0.1778	0.3466	0.0000
2.6700	0.0050	0.0123	0.1206	0.1488	9.5211
2.6800	0.0050	0.0120	0.1316	0.3577	6.2996
2.6900	0.0050	0.0117	0.0936	0.4110	0.0000
2.7000	0.0050	0.0113	0.0627	0.1511	8.7994
2.7100	0.0050	0.0113	0.1050	0.3221	4.6024
2.7200	0.0050	0.0112	0.0910	0.3044	0.0000
2.7300	0.0050	0.0110	0.0721	0.1222	9.2589
2.7400	0.0050	0.0109	0.0727	0.3155	5.4438
2.7500	0.0050	0.0107	0.0170	0.3955	0.0000
2.7600	0.0050	0.0103	-0.0000	0.1466	8.1005
2.7700	0.0050	0.0103	0.0952	0.2866	3.1647
2.7800	0.0050	0.0103	0.0978	0.2310	0.0000
2.7900	0.0050	0.0103	0.1005	0.0889	9.8600
2.8000	0.0050	0.0104	0.1275	0.3021	5.3258
2.8100	0.0050	0.0101	0.0423	0.3421	0.0000
2.8200	0.0050	0.0094	-0.0000	0.1311	8.2871
2.8300	0.0050	0.0089	0.0771	0.2844	3.4411
2.8400	0.0050	0.0086	0.0596	0.2399	0.0000
2.8500	0.0050	0.0081	-0.0000	0.0911	8.7670
2.8600	0.0050	0.0078	-0.0000	0.2777	3.7950
2.8700	0.0050	0.0072	-0.0000	0.4843	0.0000
2.8800	0.0050	0.0064	-0.0000	0.1733	7.7806
2.8900	0.0050	0.0059	0.0095	0.2866	1.3362
2.9000	0.0050	0.0058	0.0588	0.1688	0.0000
2.9100	0.0050	0.0057	0.0372	0.0666	9.5071
2.9200	0.0050	0.0057	0.0596	0.2755	6.3867
2.9300	0.0050	0.0055	0.0232	0.3688	0.0000
2.9400	0.0050	0.0051	-0.0000	0.1355	8.2338
2.9500	0.0050	0.0048	0.0572	0.2821	3.0948
2.9600	0.0050	0.0046	0.0644	0.2199	0.0000
2.9700	0.0050	0.0045	0.0496	0.0800	9.4950
2.9800	0.0050	0.0045	0.0835	0.2933	6.4309
2.9900	0.0050	0.0046	0.1004	0.5443	0.0000
3.0000	0.0050	0.0043	0.0000	0.1955	7.5144
3.0100	0.0050	0.0039	-0.0000	0.2866	0.5568
3.0200	0.0050	0.0037	0.0877	0.1422	0.0000
3.0300	0.0050	0.0039	0.1580	0.0600	9.8600
3.0400	0.0050	0.0048	0.3480	0.2733	0.0000
3.0500	0.0050	0.0053	0.3504	0.1200	9.8600
3.0600	0.0050	0.0053	0.2577	0.3399	0.0000
3.0700	0.0050	0.0052	0.2529	0.1377	9.8600
3.0800	0.0050	0.0050	0.1993	0.3488	0.0000
3.0900	0.0050	0.0048	0.1993	0.1400	9.8600
3.1000	0.0050	0.0046	0.1601	0.3532	0.0000
3.1100	0.0050	0.0044	0.1599	0.1400	9.8600
3.1200	0.0050	0.0044	0.1694	0.1444	5.9786
3.1300	0.0050	0.0045	0.2131	0.2777	5.6523
3.1400	0.0050	0.0045	0.1786	0.3044	2.9797
3.1500	0.0050	0.0044	0.1735	0.2133	0.2387
3.1600	0.0050	0.0045	0.2050	0.0933	0.8623
3.1700	0.0050	0.0050	0.3001	0.0622	5.7265
3.1800	0.0050	0.0055	0.3563	0.1444	9.8600
3.1900	0.0050	0.0061	0.4298	0.4199	0.0000
3.2000	0.0050	0.0064	0.4279	0.1622	9.8600
3.2100	0.0050	0.0067	0.4506	0.3688	0.0000
3.2200	0.0050	0.0072	0.5419	0.1488	9.8600
3.2300	0.0050	0.0078	0.6090	0.3599	0.0000
3.2400	0.0050	0.0086	0.7179	0.1800	9.8600
3.2500	0.0050	0.0092	0.7612	0.3621	0.0000
3.2600	0.0050	0.0099	0.8269	0.1488	9.8600
3.2700	0.0050	0.0104	0.8270	0.3643	0.0000
3.2800	0.0050	0.0106	0.7760	0.1533	9.8600
3.2900	0.0050	0.0108	0.7984	0.3643	0.0000
3.3000	0.0050	0.0109	0.8086	0.1511	9.8600
3.3100	0.0050	0.0109	0.8017	0.3621	0.0000
3.3200	0.0050	0.0109	0.7729	0.1511	9.8600
3.3300	0.0050	0.0107	0.7417	0.3621	0.0000
3.3400	0.0050	0.0103	0.6883	0.1488	9.8600
3.3500	0.0050	0.0099	0.6445	0.3577	0.0000
3.3600	0.0050	0.0095	0.5956	0.1488	9.8600
3.3700	0.0050	0.0091	0.5661	0.2044	0.0000
3.3800	0.0050	0.0088	0.5535	0.1000	9.8600
3.3900	0.0050	0.0085	0.5261	0.3244	0.0000
3.4000	0.0050	0.0081	0.4741	0.1377	9.8600
3.4100	0.0050	0.0079	0.4732	0.3510	0.0000
3.4200	0.0050	0.0076	0.4380	0.1444	9.8600
3.4300	0.0050	0.0073	0.4221	0.3555	0.0000
3.4400	0.0050	0.0071	0.4111	0.1444	9.8600
3.4500	0.0050	0.0070	0.4048	0.3577	0.0000
3.4600	0.0050	0.0069	0.4034	0.1466	9.8600
3.4700	0.0050	0.0067	0.3823	0.3555	0.0000
3.4800	0.0050	0.0066	0.3807	0.1444	9.8600
3.4900	0.0050	0.0065	0.3596	0.0578	0.0000
3.5000	0.0050	0.0066	0.4068	0.0355	9.8600
3.5100	0.0050	0.0066	0.4051	0.2488	0.0000
3.5200	0.0050	0.0068	0.4353	0.1133	9.8600
3.5300	0.0050	0.0068	0.4264	0.3377	0.0000
3.5400	0.0050	0.0068	0.4078	0.1400	9.8600
3.5500	0.0050	0.0068	0.4160	0.3510	0.0000
3.5600	0.0050	0.0067	0.3924	0.1422	9.8600
3.5700	0.0050	0.0065	0.3713	0.3532	0.0000
3.5800	0.0050	0.0064	0.3574	0.1444	9.8600
3.5900	0.0050	0.0062	0.3312	0.3532	0.0000
3.6000	0.0050	0.0060	0.3123	0.2466	9.8600
3.6100	0.0050	0.0056	0.2321	0.4243	0.0000
3.6200	0.0050	0.0053	0.2373	0.1622	9.8600
3.6300	0.0050	0.0051	0.2130	0.3621	0.0000
3.6400	0.0050	0.0050	0.2375	0.1444	9.8600
3.6500	0.0050	0.0049	0.2082	0.3555	0.0000
3.6600	0.0050	0.0048	0.2057	0.1444	9.8600
3.6700	0.0050	0.0046	0.1714	0.3532	0.0000
3.6800	0.0050	0.0046	0.2005	0.1400	9.8600
3.6900	0.0050	0.0046	0.2003	0.3510	0.0000
3.7000	0.0050	0.0048	0.2490	0.1422	9.8600
3.7100	0.0050	0.0050	0.2684	0.3532	0.0000
3.7200	0.0050	0.0052	0.3002	0.5887	6.3976
3.7300	0.0050	0.0050	0.2148	0.4932	0.0000
3.7400	0.0050	0.0045	0.1097	0.1688	9.1504
3.7500	0.0050	0.0042	0.1168	0.3421	5.3820
3.7600	0.0050	0.0045	0.2459	0.3488	0.0913
3.7700	0.0050	0.0053	0.3777	0.1377	1.1184
3.7800	0.0050	0.0068	0.6588	0.0778	9.8600
3.7900	0.0050	0.0084	0.8039	0.3066	0.0000
3.8000	0.0050	0.0084	0.5783	0.1355	9.8600
3.8100	0.0050	0.0082	0.5434	0.3488	0.0000
3.8200	0.0050	0.0082	0.5547	0.1444	9.8600
3.8300	0.0050	0.0081	0.5392	0.3577	0.0000
3.8400	0.0050	0.0080	0.5310	0.5887	9.1669
3.8500	0.0050	0.0074	0.4005	0.6620	4.9886
3.8600	0.0050	0.0065	0.2819	0.4554	0.0000
3.8700	0.0050	0.0058	0.2118	0.1511	9.8600
3.8800	0.0050	0.0057	0.3051	0.3466	0.0000
3.8900	0.0050	0.0060	0.3934	0.1422	9.8600
3.9000	0.0050	0.0060	0.3621	0.3510	0.0000
3.9100	0.0050	0.0060	0.3553	0.1422	9.8600
3.9200	0.0050	0.0058	0.3069	0.3532	0.0000
3.9300	0.0050	0.0057	0.3122	0.1444	9.8600
3.9400	0.0050	0.0056	0.2906	0.3555	0.0000
3.9500	0.0050	0.0056	0.3129	0.1444	9.8600
3.9600	0.0050	0.0055	0.2887	0.3555	0.0000
3.9700	0.0050	0.0054	0.2914	0.1844	9.8600
3.9800	0.0050	0.0052	0.2378	0.3843	0.0000
3.9900	0.0050	0.0051	0.2501	0.1488	9.8600
4.0000	0.0050	0.0050	0.2526	0.3621	0.0000
4.0100	0.0050	0.0053	0.3211	0.1422	9.8600
4.0200	0.0050	0.0056	0.3701	0.3577	0.0000
4.0300	0.0050	0.0063	0.4779	0.1466	9.8600
4.0400	0.0050	0.0065	0.4566	0.3577	0.0000
4.0500	0.0050	0.0067	0.4622	0.1444	9.8600
4.0600	0.0050	0.0069	0.4704	0.3555	0.0000
4.0700	0.0050	0.0071	0.5105	0.1466	9.8600
4.0800	0.0050	0.0073	0.5115	0.3577	0.0000
4.0900	0.0050	0.0075	0.5396	0.3710	9.8600
4.1000	0.0050	0.0071	0.4137	0.5043	0.0000
4.1100	0.0050	0.0066	0.3634	0.1866	9.8600
4.1200	0.0050	0.0063	0.3447	0.3799	0.0000
4.1300	0.0050	0.0061	0.3356	0.1488	9.8600
4.1400	0.0050	0.0057	0.2750	0.3577	0.0000
4.1500	0.0050	0.0055	0.2851	0.1422	9.8600
4.1600	0.0050	0.0051	0.2292	0.3532	0.0000
4.1700	0.0050	0.0048	0.1950	0.1444	9.8600
4.1800	0.0050	0.0041	0.0752	0.3510	0.0000
4.1900	0.0050	0.0034	0.0063	0.1400	8.2561
4.2000	0.0050	0.0027	-0.0000	0.2888	2.3845
4.2100	0.0050	0.0024	0.0789	0.2177	0.0000
4.2200	0.0050	0.0021	0.0434	0.0755	9.4740
4.2300	0.0050	0.0018	0.0321	0.2844	5.8682
4.2400	0.0050	0.0017	0.0305	0.3444	0.0000
4.2500	0.0050	0.0014	-0.0000	0.1244	8.3671
4.2600	0.0050	0.0009	-0.0000	0.2710	2.8752
4.2700	0.0050	0.0005	0.0824	0.2044	0.0000
4.2800	0.0050	0.0004	0.0948	0.0711	9.8600
4.2900	0.0050	0.0002	0.0656	0.2799	2.3127
4.3000	0.0050	0.0002	0.0925	0.1999	0.0000
4.3100	0.0050	0.0001	0.0779	0.0711	9.8600
4.3200	0.0050	0.0000	0.0584	0.2777	5.7983
4.3300	0.0050	0.0000	0.0706	0.3421	0.0000
4.3400	0.0050	0.0001	0.0803	0.1466	9.0640
4.3500	0.0050	0.0000	0.0461	0.3266	4.5041
4.3600	0.0050	0.0000	0.0582	0.2933	0.0000
4.3700	0.0050	0.0000	0.0680	0.1044	9.4225
4.3800	0.0050	0.0000	0.0459	0.2999	5.7184
4.3900	0.0050	0.0000	0.0508	0.3421	0.0000
4.4000	0.0050	0.0000	0.0605	0.1222	9.1195
4.4100	0.0050	0.0000	0.0385	0.2999	4.8713
4.4200	0.0050	0.0000	0.0433	0.2999	0.0000
4.4300	0.0050	0.0000	0.0530	0.1044	9.2431
4.4400	0.0050	0.0000	0.0310	0.2933	5.1705
4.4500	0.0050	0.0000	0.0358	0.3132	0.0000
4.4600	0.0050	0.0000	0.0333	0.2910	6.7674
4.4700	0.0050	0.0000	0.0308	0.2777	0.0000
4.4800	0.0050	0.0000	0.0283	0.1866	7.9604
4.4900	0.0050	0.0000	0.0258	0.3044	1.7683
4.5000	0.0050	0.0000	0.0233	0.1822	0.0000
4.5100	0.0050	0.0000	0.0208	0.0644	9.3366
4.5200	0.0050	0.0000	0.0183	0.2666	5.5722
4.5300	0.0050	0.0000	0.0158	0.3155	0.0000
4.5400	0.0050	0.0000	0.0133	0.1155	8.6335
4.5500	0.0050	0.0000	0.0108	0.2777	3.5910
4.5600	0.0050	0.0000	0.0083	0.2399	0.0000
4.5700	0.0050	0.0000	0.0058	0.0844	8.9167
4.5800	0.0050	0.0000	0.0033	0.2688	4.3157
4.5900	0.0050	0.0000	0.0008	0.2666	0.0000
4.6000	0.0050	0.0000	-0.0000	0.2310	7.0874
4.6100	0.0050	0.0000	-0.0000	0.2066	0.4492
4.6200	0.0050	0.0000	-0.0000	0.1355	0.0000
4.6300	0.0050	0.0000	-0.0000	0.0511	9.2468
4.6400	0.0050	0.0000	-0.0000	0.2444	5.3945
4.6500	0.0050	0.0000	-0.0000	0.2955	0.0000
4.6600	0.0050	0.0000	-0.0000	0.1066	8.5803
4.6700	0.0050	0.0000	-0.0000	0.2755	3.3551
4.6800	0.0050	0.0000	-0.0000	0.2310	0.0000
4.6900	0.0050	0.0000	-0.0000	0.0800	8.9003
4.7000	0.0050	0.0000	-0.0000	0.2666	4.2615
4.7100	0.0050	0.0000	-0.0000	0.2644	0.0000
4.7200	0.0050	0.0000	-0.0000	0.0933	8.7403
4.7300	0.0050	0.0000	-0.0000	0.2688	3.8349
4.7400	0.0050	0.0000	-0.0000	0.4732	0.0000
4.7500	0.0050	0.0000	-0.0000	0.5732	2.9818
4.7600	0.0050	0.0000	-0.0000	0.3999	0.0000
4.7700	0.0050	0.0000	-0.0000	0.1289	8.3137
4.7800	0.0050	0.0000	-0.0000	0.2733	2.7152
4.7900	0.0050	0.0000	-0.0000	0.1999	0.0000
4.8000	0.0050	0.0000	-0.0000	0.0711	9.0069
4.8100	0.0050	0.0000	-0.0000	0.2644	4.5547
4.8200	0.0050	0.0000	-0.0000	0.2733	0.0000
4.8300	0.0050	0.0000	-0.0000	0.0978	8.6870
4.8400	0.0050	0.0000	-0.0000	0.2710	3.6750
4.8500	0.0050	0.0000	-0.0000	0.2377	0.0000
4.8600	0.0050	0.0000	-0.0000	0.0822	8.8736
4.8700	0.0050	0.0000	-0.0000	0.2688	4.1682
4.8800	0.0050	0.0000	-0.0000	0.4799	0.0000
4.8900	0.0050	0.0000	-0.0000	0.5865	2.8219
4.9000	0.0050	0.0000	-0.0000	0.3288	0.0000
4.9100	0.0050	0.0000	-0.0000	0.1066	8.5803
4.9200	0.0050	0.0000	-0.0000	0.2710	3.4084
4.9300	0.0050	0.0000	-0.0000	0.2266	0.0000
4.9400	0.0050	0.0000	-0.0000	0.0778	8.9269
4.9500	0.0050	0.0000	-0.0000	0.2688	4.3015
4.9600	0.0050	0.0000	-0.0000	0.2644	0.0000
4.9700	0.0050	0.0000	-0.0000	0.0933	8.7403
4.9800	0.0050	0.0000	-0.0000	0.2710	3.8083
4.9900	0.0050	0.0000	-0.0000	0.2466	0.0000
5.0000	0.0050	0.0000	-0.0000	0.0866	8.8203
5.0100	0.0050	0.0000	-0.0000	0.2688	4.0349
5.0200	0.0050	0.0000	-0.0000	0.4754	0.0000
5.0300	0.0050	0.0000	-0.0000	0.5776	2.9285
5.0400	0.0050	0.0000	-0.0000	0.4154	0.0000
5.0500	0.0050	0.0000	-0.0000	0.1289	8.3137
5.0600	0.0050	0.0000	-0.0000	0.2733	2.7152
5.0700	0.0050	0.0000	-0.0000	0.2022	0.0000
5.0800	0.0050	0.0000	-0.0000	0.0733	8.9802
5.0900	0.0050	0.0000	-0.0000	0.2710	4.4081
5.1000	0.0050	0.0000	-0.0000	0.2710	0.0000
5.1100	0.0050	0.0001	0.0358	0.0955	9.1438
5.1200	0.0050	0.0001	0.0114	0.2955	4.6608
5.1300	0.0050	0.0003	0.0579	0.2910	0.0000
5.1400	0.0050	0.0005	0.0751	0.1044	9.5081
5.1500	0.0050	0.0008	0.1169	0.3132	6.6235
5.1600	0.0050	0.0014	0.2052	0.5510	0.0000
5.1700	0.0050	0.0021	0.2938	0.6665	5.3876
5.1800	0.0050	0.0026	0.3363	0.5665	0.0000
5.1900	0.0050	0.0030	0.3327	0.1844	9.8600
5.2000	0.0050	0.0030	0.2926	0.3643	0.0000
5.2100	0.0050	0.0030	0.2720	0.1400	9.8600
5.2200	0.0050	0.0027	0.2050	0.3466	0.0000
5.2300	0.0050	0.0025	0.2112	0.1377	9.8600
5.2400	0.0050	0.0023	0.1709	0.3466	0.0000
5.2500	0.0050	0.0022	0.1818	0.1377	9.8600
5.2600	0.0050	0.0021	0.1584	0.3444	0.0000
5.2700	0.0050	0.0021	0.1911	0.1377	9.8600
5.2800	0.0050	0.0021	0.1701	0.3466	0.0000
5.2900	0.0050	0.0022	0.2004	0.1377	9.8600
5.3000	0.0050	0.0022	0.2087	0.0533	0.0000
5.3100	0.0050	0.0024	0.2416	0.0267	9.8600
5.3200	0.0050	0.0026	0.2599	0.2444	0.0000
5.3300	0.0050	0.0029	0.3027	0.1066	9.8600
5.3400	0.0050	0.0030	0.2821	0.3310	0.0000
5.3500	0.0050	0.0033	0.3397	0.1355	9.8600
5.3600	0.0050	0.0036	0.3560	0.3488	0.0000
5.3700	0.0050	0.0040	0.4164	0.1400	9.8600
5.3800	0.0050	0.0043	0.4428	0.3532	0.0000
5.3900	0.0050	0.0047	0.4888	0.1422	9.8600
5.4000	0.0050	0.0049	0.4911	0.3510	0.0000
5.4100	0.0050	0.0052	0.5278	0.1422	9.8600
5.4200	0.0050	0.0054	0.5328	0.3532	0.0000
5.4300	0.0050	0.0056	0.5403	0.5887	9.2788
5.4400	0.0050	0.0054	0.4697	0.7043	5.5926
5.4500	0.0050	0.0047	0.3282	0.7554	0.0000
5.4600	0.0050	0.0033	0.0885	0.7442	1.9913
5.4700	0.0050	0.0019	-0.0000	0.7109	0.0000
5.4800	0.0050	0.0007	-0.0000	0.6909	1.5689
5.4900	0.0050	0.0003	0.0969	0.6931	0.0000
5.5000	0.0050	0.0003	0.1532	0.7109	3.1672
5.5100	0.0050	0.0003	0.1509	0.7131	0.0000
5.5200	0.0050	0.0003	0.1363	0.7154	2.9114
5.5300	0.0050	0.0002	0.1169	0.7109	0.0000
5.5400	0.0050	0.0000	0.0925	0.7087	2.4651
5.5500	0.0050	0.0000	0.1120	0.7154	0.0000
5.5600	0.0050	0.0000	0.0973	0.7131	2.4697
5.5700	0.0050	0.0000	0.1021	0.7154	0.0000
5.5800	0.0050	0.0000	0.0996	0.7154	2.4710
5.5900	0.0050	0.0000	0.0971	0.7154	0.0000
5.6000	0.0050	0.0000	0.0946	0.7131	2.4377
5.6100	0.0050	0.0000	0.0921	0.7131	0.0000
5.6200	0.0050	0.0000	0.0896	0.7154	2.3510
5.6300	0.0050	0.0000	0.0871	0.7131	0.0000
5.6400	0.0050	0.0000	0.0846	0.7198	2.2377
5.6500	0.0050	0.0000	0.0821	0.7131	0.0000
5.6600	0.0050	0.0000	0.0796	0.7131	2.2577
5.6700	0.0050	0.0000	0.0771	0.7131	0.0000
5.6800	0.0050	0.0000	0.0746	0.7131	2.1977
5.6900	0.0050	0.0000	0.0721	0.7131	0.0000
5.7000	0.0050	0.0000	0.0696	0.7131	2.1377
5.7100	0.0050	0.0000	0.0671	0.7176	0.0000
5.7200	0.0050	0.0000	0.0646	0.7198	1.9977
5.7300	0.0050	0.0000	0.0621	0.7198	0.0000
5.7400	0.0050	0.0000	0.0596	0.7131	2.0177
5.7500	0.0050	0.0000	0.0571	0.7131	0.0000
5.7600	0.0050	0.0000	0.0546	0.7131	1.9577
5.7700	0.0050	0.0000	0.0521	0.7198	0.0000
5.7800	0.0050	0.0000	0.0496	0.7131	1.8977
5.7900	0.0050	0.0000	0.0471	0.7154	0.0000
5.8000	0.0050	0.0000	0.0446	0.7131	1.8377
5.8100	0.0050	0.0000	0.0421	0.7131	0.0000
5.8200	0.0050	0.0000	0.0396	0.7198	1.6977
5.8300	0.0050	0.0000	0.0371	0.7154	0.0000
5.8400	0.0050	0.0000	0.0346	0.7176	1.6643
5.8500	0.0050	0.0000	0.0321	0.7131	0.0000
5.8600	0.0050	0.0000	0.0296	0.7131	1.6577
5.8700	0.0050	0.0000	0.0271	0.7198	0.0000
5.8800	0.0050	0.0000	0.0246	0.7198	1.5177
5.8900	0.0050	0.0000	0.0221	0.7131	0.0000
5.9000	0.0050	0.0000	0.0196	0.7198	1.4577
5.9100	0.0050	0.0000	0.0171	0.7131	0.0000
5.9200	0.0050	0.0000	0.0146	0.7198	1.3977
5.9300	0.0050	0.0000	0.0121	0.7131	0.0000
5.9400	0.0050	0.0000	0.0096	0.7176	1.3643
5.9500	0.0050	0.0000	0.0071	0.7131	0.0000
5.9600	0.0050	0.0000	0.0046	0.7198	1.2777
5.9700	0.0050	0.0000	0.0021	0.7198	0.0000
5.9800	0.0050	0.0000	-0.0000	0.7176	1.2490
5.9900	0.0050	0.0000	-0.0000	0.7131	0.0000
6.0000	0.0050	0.0000	-0.0000	0.7131	1.3023
6.0100	0.0050	0.0000	-0.0000	0.7154	0.0000
6.0200	0.0050	0.0000	-0.0000	0.7176	1.2490
6.0300	0.0050	0.0000	-0.0000	0.7198	0.0000
6.0400	0.0050	0.0000	-0.0000	0.7176	1.2490
6.0500	0.0050	0.0000	-0.0000	0.7198	0.0000
6.0600	0.0050	0.0000	-0.0000	0.7131	1.3023
6.0700	0.0050	0.0000	-0.0000	0.7198	0.0000
6.0800	0.0050	0.0000	-0.0000	0.7198	1.2223
6.0900	0.0050	0.0000	-0.0000	0.7131	0.0000
6.1000	0.0050	0.0000	-0.0000	0.7198	1.2223
6.1100	0.0050	0.0000	-0.0000	0.7198	0.0000
6.1200	0.0050	0.0000	-0.0000	0.7176	1.2490
6.1300	0.0050	0.0000	-0.0000	0.7198	0.0000
6.1400	0.0050	0.0000	-0.0000	0.7198	1.2223
6.1500	0.0050	0.0000	-0.0000	0.7154	0.0000
6.1600	0.0050	0.0000	-0.0000	0.7131	1.3023
6.1700	0.0050	0.0000	-0.0000	0.7131	0.0000
6.1800	0.0050	0.0000	-0.0000	0.7131	1.3023
6.1900	0.0050	0.0000	-0.0000	0.7154	0.0000
6.2000	0.0050	0.0000	-0.0000	0.7131	1.3023
6.2100	0.0050	0.0000	-0.0000	0.7198	0.0000
6.2200	0.0050	0.0000	-0.0000	0.7131	1.3023
6.2300	0.0050	0.0000	-0.0000	0.7198	0.0000
6.2400	0.0050	0.0000	-0.0000	0.7198	1.2223
6.2500	0.0050	0.0000	-0.0000	0.7176	0.0000
6.2600	0.0050	0.0000	-0.0000	0.7176	1.2490
6.2700	0.0050	0.0000	-0.0000	0.7131	0.0000
6.2800	0.0050	0.0000	-0.0000	0.7131	1.3023
6.2900	0.0050	0.0000	-0.0000	0.7154	0.0000
6.3000	0.0050	0.0000	-0.0000	0.7154	1.2756
6.3100	0.0050	0.0000	-0.0000	0.7131	0.0000
6.3200	0.0050	0.0000	-0.0000	0.7154	1.2756
6.3300	0.0050	0.0000	-0.0000	0.7131	0.0000
6.3400	0.0050	0.0000	-0.0000	0.7131	1.3023
6.3500	0.0050	0.0000	-0.0000	0.7131	0.0000
6.3600	0.0050	0.0000	-0.0000	0.7131	1.3023
6.3700	0.0050	0.0000	-0.0000	0.7154	0.0000
6.3800	0.0050	0.0000	-0.0000	0.7198	1.2223
6.3900	0.0050	0.0000	-0.0000	0.7198	0.0000
6.4000	0.0050	0.0000	-0.0000	0.7131	1.3023
6.4100	0.0050	0.0000	-0.0000	0.7154	0.0000
6.4200	0.0050	0.0000	-0.0000	0.7131	1.3023
6.4300	0.0050	0.0000	-0.0000	0.7131	0.0000
6.4400	0.0050	0.0000	-0.0000	0.7198	1.2223
6.4500	0.0050	0.0000	-0.0000	0.7198	0.0000
6.4600	0.0050	0.0000	-0.0000	0.7131	1.3023
6.4700	0.0050	0.0000	-0.0000	0.7131	0.0000
6.4800	0.0050	0.0000	-0.0000	0.7154	1.2756
6.4900	0.0050	0.0000	-0.0000	0.7154	0.0000
6.5000	0.0050	0.0000	-0.0000	0.7131	1.3023
6.5100	0.0050	0.0000	-0.0000	0.7198	0.0000
6.5200	0.0050	0.0000	-0.0000	0.7131	1.3023
6.5300	0.0050	0.0000	-0.0000	0.7131	0.0000
6.5400	0.0050	0.0000	-0.0000	0.7131	1.3023
6.5500	0.0050	0.0000	-0.0000	0.7131	0.0000
6.5600	0.0050	0.0000	-0.0000	0.7131	1.3023
6.5700	0.0050	0.0000	-0.0000	0.7131	0.0000
6.5800	0.0050	0.0000	-0.0000	0.7198	1.2223
6.5900	0.0050	0.0000	-0.0000	0.7243	0.0000
6.6000	0.0050	0.0000	-0.0000	0.7309	1.0890
6.6100	0.0050	0.0001	0.0345	0.7354	0.0000
6.6200	0.0050	0.0003	0.0590	0.7376	1.7170
6.6300	0.0050	0.0006	0.1007	0.7376	0.0000
6.6400	0.0050	0.0016	0.2866	0.7331	4.5021
6.6500	0.0050	0.0040	0.7566	0.7331	0.0000
6.6600	0.0050	0.0085	0.8270	0.7354	9.8600
6.6700	0.0050	0.0108	0.2051	0.7376	0.0000
6.6800	0.0050	0.0115	0.0271	0.7376	1.3345
6.6900	0.0050	0.0113	-0.0000	0.7287	0.0000
6.7000	0.0050	0.0106	-0.0000	0.7287	1.1157
6.7100	0.0050	0.0095	-0.0000	0.7309	0.0000
6.7200	0.0050	0.0082	-0.0000	0.7265	1.1423
6.7300	0.0050	0.0072	-0.0000	0.7265	0.0000
6.7400	0.0050	0.0067	0.0377	0.7265	1.5952
6.7500	0.0050	0.0065	0.0581	0.7287	0.0000
6.7600	0.0050	0.0064	0.0833	0.7220	2.1952
6.7700	0.0050	0.0065	0.1035	0.7287	0.0000
6.7800	0.0050	0.0066	0.1336	0.7243	2.7722
6.7900	0.0050	0.0070	0.2102	0.7243	0.0000
6.8000	0.0050	0.0075	0.2747	0.7265	4.4386
6.8100	0.0050	0.0080	0.3370	0.7243	0.0000
6.8200	0.0050	0.0085	0.3679	0.7309	5.5033
6.8300	0.0050	0.0087	0.3647	0.7331	0.0000
6.8400	0.0050	0.0088	0.3543	0.7265	5.3943
6.8500	0.0050	0.0087	0.3293	0.7309	0.0000
6.8600	0.0050	0.0086	0.3019	0.7287	4.7384
6.8700	0.0050	0.0084	0.2768	0.7265	0.0000
6.8800	0.0050	0.0082	0.2590	0.7243	4.2766
6.8900	0.0050	0.0080	0.2410	0.7243	0.0000
6.9000	0.0050	0.0078	0.2108	0.7243	3.6981
6.9100	0.0050	0.0076	0.1999	0.7243	0.0000
6.9200	0.0050	0.0073	0.1694	0.7287	3.1490
6.9300	0.0050	0.0070	0.1340	0.7309	0.0000
6.9400	0.0050	0.0068	0.1179	0.7243	2.5834
6.9500	0.0050	0.0064	0.0577	0.7220	0.0000
6.9600	0.0050	0.0059	-0.0000	0.7265	1.1423
6.9700	0.0050	0.0053	-0.0000	0.7243	0.0000
6.9800	0.0050	0.0045	-0.0000	0.7243	1.1690
6.9900	0.0050	0.0036	-0.0000	0.7220	0.0000
7.0000	0.0050	0.0025	-0.0000	0.7154	1.2756
7.0100	0.0050	0.0019	0.0438	0.7131	0.0000
7.0200	0.0050	0.0012	-0.0000	0.6931	1.5422
7.0300	0.0050	0.0006	-0.0000	0.6954	0.0000
7.0400	0.0050	0.0003	0.0322	0.6909	1.9548
7.0500	0.0050	0.0001	0.0249	0.6998	0.0000
7.0600	0.0050	0.0000	0.0396	0.7109	1.8038
7.0700	0.0050	0.0000	0.0322	0.7109	0.0000
7.0800	0.0050	0.0000	0.0370	0.7154	1.7201
7.0900	0.0050	0.0000	0.0345	0.7131	0.0000
7.1000	0.0050	0.0000	0.0320	0.7131	1.6868
7.1100	0.0050	0.0000	0.0295	0.7131	0.0000
7.1200	0.0050	0.0000	0.0270	0.7131	1.6268
7.1300	0.0050	0.0000	0.0245	0.7131	0.0000
7.1400	0.0050	0.0000	0.0220	0.7131	1.5668
7.1500	0.0050	0.0000	0.0195	0.7154	0.0000
7.1600	0.0050	0.0000	0.0170	0.7176	1.4534
7.1700	0.0050	0.0000	0.0145	0.7131	0.0000
7.1800	0.0050	0.0000	0.0120	0.7131	1.4468
7.1900	0.0050	0.0000	0.0095	0.7154	0.0000
7.2000	0.0050	0.0000	0.0070	0.7198	1.3068
7.2100	0.0050	0.0000	0.0045	0.7154	0.0000
7.2200	0.0050	0.0000	0.0020	0.7154	1.3001
7.2300	0.0050	0.0000	-0.0000	0.7131	0.0000
7.2400	0.0050	0.0000	-0.0000	0.7131	1.3023
7.2500	0.0050	0.0000	-0.0000	0.7131	0.0000
7.2600	0.0050	0.0000	-0.0000	0.7198	1.2223
7.2700	0.0050	0.0000	-0.0000	0.7154	0.0000
7.2800	0.0050	0.0000	-0.0000	0.7154	1.2756
7.2900	0.0050	0.0000	-0.0000	0.7131	0.0000
7.3000	0.0050	0.0000	-0.0000	0.7154	1.2756
7.3100	0.0050	0.0000	-0.0000	0.7198	0.0000
7.3200	0.0050	0.0000	-0.0000	0.7131	1.3023
7.3300	0.0050	0.0000	-0.0000	0.7198	0.0000
7.3400	0.0050	0.0000	-0.0000	0.7131	1.3023
7.3500	0.0050	0.0000	-0.0000	0.7131	0.0000
7.3600	0.0050	0.0000	-0.0000	0.7131	1.3023
7.3700	0.0050	0.0000	-0.0000	0.7154	0.0000
7.3800	0.0050	0.0000	-0.0000	0.7131	1.3023
7.3900	0.0050	0.0000	-0.0000	0.7154	0.0000
7.4000	0.0050	0.0000	-0.0000	0.7176	1.2490
7.4100	0.0050	0.0000	-0.0000	0.7176	0.0000
7.4200	0.0050	0.0000	-0.0000	0.7198	1.2223
7.4300	0.0050	0.0000	-0.0000	0.7176	0.0000
7.4400	0.0050	0.0000	-0.0000	0.7131	1.3023
7.4500	0.0050	0.0000	-0.0000	0.7154	0.0000
7.4600	0.0050	0.0000	-0.0000	0.7131	1.3023
7.4700	0.0050	0.0000	-0.0000	0.7154	0.0000
7.4800	0.0050	0.0000	-0.0000	0.7131	1.3023
7.4900	0.0050	0.0000	-0.0000	0.7176	0.0000
7.5000	0.0050	0.0000	-0.0000	0.7131	1.3023
7.5100	0.0050	0.0000	-0.0000	0.7220	0.0000
7.5200	0.0050	0.0000	-0.0000	0.7198	1.2223
7.5300	0.0050	0.0000	-0.0000	0.7198	0.0000
7.5400	0.0050	0.0000	-0.0000	0.7220	1.1956
7.5500	0.0050	0.0000	-0.0000	0.7198	0.0000
7.5600	0.0050	0.0000	-0.0000	0.7198	1.2223
7.5700	0.0050	0.0000	-0.0000	0.7198	0.0000
7.5800	0.0050	0.0000	-0.0000	0.7198	1.2223
7.5900	0.0050	0.0000	-0.0000	0.7131	0.0000
7.6000	0.0050	0.0000	-0.0000	0.7131	1.3023
7.6100	0.0050	0.0000	-0.0000	0.7131	0.0000
7.6200	0.0050	0.0000	-0.0000	0.7131	1.3023
7.6300	0.0050	0.0000	-0.0000	0.7154	0.0000
7.6400	0.0050	0.0000	-0.0000	0.7198	1.2223
7.6500	0.0050	0.0000	-0.0000	0.7265	0.0000
7.6600	0.0050	0.0000	-0.0000	0.7287	1.1157
7.6700	0.0050	0.0000	-0.0000	0.7354	0.0000
7.6800	0.0050	0.0000	0.0102	0.7331	1.1845
7.6900	0.0050	0.0003	0.0615	0.7309	0.0000
7.7000	0.0050	0.0007	0.1324	0.7309	2.6781
7.7100	0.0050	0.0021	0.4064	0.7309	0.0000
7.7200	0.0050	0.0052	0.8270	0.7309	9.8600
7.7300	0.0050	0.0096	0.8270	0.7354	0.0000
7.7400	0.0050	0.0125	0.4568	0.7398	6.4636
7.7500	0.0050	0.0133	0.2235	0.7398	0.0000
7.7600	0.0050	0.0136	0.1836	0.7376	3.2127
7.7700	0.0050	0.0131	0.0340	0.7331	0.0000
7.7800	0.0050	0.0120	-0.0000	0.7331	1.0623
7.7900	0.0050	0.0104	-0.0000	0.7309	0.0000
7.8000	0.0050	0.0087	-0.0000	0.7287	1.1157
7.8100	0.0050	0.0071	0.0281	0.7265	0.0000
7.8200	0.0050	0.0059	-0.0000	0.7220	1.1956
7.8300	0.0050	0.0049	0.0201	0.7220	0.0000
7.8400	0.0050	0.0044	0.0372	0.7243	1.6153
7.8500	0.0050	0.0042	0.0491	0.7243	0.0000
7.8600	0.0050	0.0041	0.0610	0.7265	1.8738
7.8700	0.0050	0.0041	0.0752	0.7198	0.0000
7.8800	0.0050	0.0042	0.0869	0.7198	2.2656
7.8900	0.0050	0.0043	0.1158	0.7220	0.0000
7.9000	0.0050	0.0045	0.1424	0.7198	2.9309
7.9100	0.0050	0.0047	0.1617	0.7220	0.0000
7.9200	0.0050	0.0049	0.1811	0.7198	3.3952
7.9300	0.0050	0.0050	0.1883	0.7243	0.0000
7.9400	0.0050	0.0051	0.1908	0.7243	3.4587
7.9500	0.0050	0.0051	0.1762	0.7220	0.0000
7.9600	0.0050	0.0051	0.1641	0.7265	3.1111
7.9700	0.0050	0.0050	0.1470	0.7220	0.0000
7.9800	0.0050	0.0048	0.1250	0.7198	2.7222
7.9900	0.0050	0.0046	0.0858	0.7265	0.0000
8.0000	0.0050	0.0041	-0.0000	0.7198	1.2223
8.0100	0.0050	0.0031	-0.0000	0.7198	0.0000
8.0200	0.0050	0.0022	0.0460	0.7109	1.8815
8.0300	0.0050	0.0012	-0.0000	0.6909	0.0000
8.0400	0.0050	0.0005	0.0219	0.6865	1.8849
8.0500	0.0050	0.0002	0.0685	0.6954	0.0000
8.0600	0.0050	0.0001	0.0784	0.7043	2.3492
8.0700	0.0050	0.0000	0.0662	0.7131	0.0000
8.0800	0.0050	0.0000	0.0661	0.7154	2.0691
8.0900	0.0050	0.0000	0.0710	0.7131	0.0000
8.1000	0.0050	0.0000	0.0685	0.7154	2.0970
8.1100	0.0050	0.0000	0.0660	0.7176	0.0000
8.1200	0.0050	0.0000	0.0635	0.7198	1.9837
8.1300	0.0050	0.0000	0.0610	0.7131	0.0000
8.1400	0.0050	0.0000	0.0585	0.7131	2.0037
8.1500	0.0050	0.0000	0.0560	0.7131	0.0000
8.1600	0.0050	0.0000	0.0535	0.7198	1.8637
8.1700	0.0050	0.0000	0.0510	0.7131	0.0000
8.1800	0.0050	0.0000	0.0485	0.7131	1.8837
8.1900	0.0050	0.0000	0.0460	0.7131	0.0000
8.2000	0.0050	0.0000	0.0435	0.7198	1.7437
8.2100	0.0050	0.0000	0.0410	0.7131	0.0000
8.2200	0.0050	0.0000	0.0385	0.7131	1.7637
8.2300	0.0050	0.0000	0.0360	0.7131	0.0000
8.2400	0.0050	0.0000	0.0335	0.7176	1.6504
8.2500	0.0050	0.0000	0.0310	0.7176	0.0000
8.2600	0.0050	0.0000	0.0285	0.7131	1.6437
8.2700	0.0050	0.0000	0.0260	0.7131	0.0000
8.2800	0.0050	0.0000	0.0235	0.7198	1.5037
8.2900	0.0050	0.0000	0.0210	0.7131	0.0000
8.3000	0.0050	0.0000	0.0185	0.7154	1.4970
8.3100	0.0050	0.0000	0.0160	0.7131	0.0000
8.3200	0.0050	0.0000	0.0135	0.7131	1.4637
8.3300	0.0050	0.0000	0.0110	0.7131	0.0000
8.3400	0.0050	0.0000	0.0085	0.7131	1.4037
8.3500	0.0050	0.0000	0.0060	0.7131	0.0000
8.3600	0.0050	0.0000	0.0035	0.7198	1.2637
8.3700	0.0050	0.0000	0.0010	0.7131	0.0000
8.3800	0.0050	0.0000	-0.0000	0.7131	1.3023
8.3900	0.0050	0.0000	-0.0000	0.7154	0.0000
8.4000	0.0050	0.0000	-0.0000	0.7131	1.3023
8.4100	0.0050	0.0000	-0.0000	0.7131	0.0000
8.4200	0.0050	0.0000	-0.0000	0.7176	1.2490
8.4300	0.0050	0.0000	-0.0000	0.7176	0.0000
8.4400	0.0050	0.0000	-0.0000	0.7131	1.3023
8.4500	0.0050	0.0000	-0.0000	0.7198	0.0000
8.4600	0.0050	0.0000	-0.0000	0.7131	1.3023
8.4700	0.0050	0.0000	-0.0000	0.7154	0.0000
8.4800	0.0050	0.0000	-0.0000	0.7176	1.2490
8.4900	0.0050	0.0000	-0.0000	0.7131	0.0000
8.5000	0.0050	0.0000	-0.0000	0.7131	1.3023
8.5100	0.0050	0.0000	-0.0000	0.7131	0.0000
8.5200	0.0050	0.0000	-0.0000	0.7131	1.3023
8.5300	0.0050	0.0000	-0.0000	0.7131	0.0000
8.5400	0.0050	0.0000	-0.0000	0.7131	1.3023
8.5500	0.0050	0.0000	-0.0000	0.7131	0.0000
8.5600	0.0050	0.0000	-0.0000	0.7131	1.3023
8.5700	0.0050	0.0000	-0.0000	0.7198	0.0000
8.5800	0.0050	0.0000	-0.0000	0.7131	1.3023
8.5900	0.0050	0.0000	-0.0000	0.7131	0.0000
8.6000	0.0050	0.0000	-0.0000	0.7154	1.2756
8.6100	0.0050	0.0000	-0.0000	0.7131	0.0000
8.6200	0.0050	0.0000	-0.0000	0.7131	1.3023
8.6300	0.0050	0.0000	-0.0000	0.7131	0.0000
8.6400	0.0050	0.0000	-0.0000	0.7131	1.3023
8.6500	0.0050	0.0000	-0.0000	0.7176	0.0000
8.6600	0.0050	0.0000	-0.0000	0.7198	1.2223
8.6700	0.0050	0.0000	-0.0000	0.7131	0.0000
8.6800	0.0050	0.0000	-0.0000	0.7131	1.3023
8.6900	0.0050	0.0000	-0.0000	0.7154	0.0000
8.7000	0.0050	0.0000	-0.0000	0.7198	1.2223
8.7100	0.0050	0.0000	-0.0000	0.7131	0.0000
8.7200	0.0050	0.0000	-0.0000	0.7154	1.2756
8.7300	0.0050	0.0000	-0.0000	0.7131	0.0000
8.7400	0.0050	0.0000	-0.0000	0.7131	1.3023
8.7500	0.0050	0.0000	-0.0000	0.7198	0.0000
8.7600	0.0050	0.0000	-0.0000	0.7131	1.3023
8.7700	0.0050	0.0000	-0.0000	0.7154	0.0000
8.7800	0.0050	0.0000	-0.0000	0.7131	1.3023
8.7900	0.0050	0.0000	-0.0000	0.7131	0.0000
8.8000	0.0050	0.0000	-0.0000	0.7198	1.2223
8.8100	0.0050	0.0000	-0.0000	0.7131	0.0000
8.8200	0.0050	0.0000	-0.0000	0.7131	1.3023
8.8300	0.0050	0.0000	-0.0000	0.7131	0.0000
8.8400	0.0050	0.0000	-0.0000	0.7131	1.3023
8.8500	0.0050	0.0000	-0.0000	0.7131	0.0000
8.8600	0.0050	0.0000	-0.0000	0.7131	1.3023
8.8700	0.0050	0.0000	-0.0000	0.7131	0.0000
8.8800	0.0050	0.0000	-0.0000	0.7198	1.2223
8.8900	0.0050	0.0000	-0.0000	0.7131	0.0000
8.9000	0.0050	0.0000	-0.0000	0.7131	1.3023
8.9100	0.0050	0.0000	-0.0000	0.7131	0.0000
8.9200	0.0050	0.0000	-0.0000	0.7131	1.3023
8.9300	0.0050	0.0000	-0.0000	0.7131	0.0000
8.9400	0.0050	0.0000	-0.0000	0.7154	1.2756
8.9500	0.0050	0.0000	-0.0000	0.7198	0.0000
8.9600	0.0050	0.0000	-0.0000	0.7131	1.3023
8.9700	0.0050	0.0000	-0.0000	0.7154	0.0000
8.9800	0.0050	0.0000	-0.0000	0.7131	1.3023
8.9900	0.0050	0.0000	-0.0000	0.7176	0.0000
9.0000	0.0050	0.0000	-0.0000	0.7131	1.3023
9.0100	0.0050	0.0000	-0.0000	0.7131	0.0000
9.0200	0.0050	0.0000	-0.0000	0.7154	1.2756
9.0300	0.0050	0.0000	-0.0000	0.7131	0.0000
9.0400	0.0050	0.0000	-0.0000	0.7131	1.3023
9.0500	0.0050	0.0000	-0.0000	0.7131	0.0000
9.0600	0.0050	0.0000	-0.0000	0.7131	1.3023
9.0700	0.0050	0.0000	-0.0000	0.7198	0.0000
9.0800	0.0050	0.0000	-0.0000	0.7198	1.2223
9.0900	0.0050	0.0000	-0.0000	0.7198	0.0000
9.1000	0.0050	0.0000	-0.0000	0.7131	1.3023
9.1100	0.0050	0.0000	-0.0000	0.7198	0.0000
9.1200	0.0050	0.0000	-0.0000	0.7131	1.3023
9.1300	0.0050	0.0000	-0.0000	0.7131	0.0000
9.1400	0.0050	0.0000	-0.0000	0.7131	1.3023
9.1500	0.0050	0.0000	-0.0000	0.7131	0.0000
9.1600	0.0050	0.0000	-0.0000	0.7131	1.3023
9.1700	0.0050	0.0000	-0.0000	0.7131	0.0000
9.1800	0.0050	0.0000	-0.0000	0.7131	1.3023
9.1900	0.0050	0.0000	-0.0000	0.7131	0.0000
9.2000	0.0050	0.0000	-0.0000	0.7131	1.3023
9.2100	0.0050	0.0000	-0.0000	0.7131	0.0000
9.2200	0.0050	0.0000	-0.0000	0.7131	1.3023
9.2300	0.0050	0.0000	-0.0000	0.7131	0.0000
9.2400	0.0050	0.0000	-0.0000	0.7131	1.3023
9.2500	0.0050	0.0000	-0.0000	0.7131	0.0000
9.2600	0.0050	0.0000	-0.0000	0.7198	1.2223
9.2700	0.0050	0.0000	-0.0000	0.7176	0.0000
9.2800	0.0050	0.0000	-0.0000	0.7131	1.3023
9.2900	0.0050	0.0000	-0.0000	0.7154	0.0000
9.3000	0.0050	0.0000	-0.0000	0.7131	1.3023
9.3100	0.0050	0.0000	-0.0000	0.7154	0.0000
9.3200	0.0050	0.0000	-0.0000	0.7131	1.3023
9.3300	0.0050	0.0000	-0.0000	0.7154	0.0000
9.3400	0.0050	0.0000	-0.0000	0.7131	1.3023
9.3500	0.0050	0.0000	-0.0000	0.7131	0.0000
9.3600	0.0050	0.0000	-0.0000	0.7154	1.2756
9.3700	0.0050	0.0000	-0.0000	0.7131	0.0000
9.3800	0.0050	0.0000	-0.0000	0.7154	1.2756
9.3900	0.0050	0.0000	-0.0000	0.7198	0.0000
9.4000	0.0050	0.0000	-0.0000	0.7131	1.3023
9.4100	0.0050	0.0000	-0.0000	0.7131	0.0000
9.4200	0.0050	0.0000	-0.0000	0.7131	1.3023
9.4300	0.0050	0.0000	-0.0000	0.7154	0.0000
9.4400	0.0050	0.0000	-0.0000	0.7131	1.3023
9.4500	0.0050	0.0000	-0.0000	0.7131	0.0000
9.4600	0.0050	0.0000	-0.0000	0.7131	1.3023
9.4700	0.0050	0.0000	-0.0000	0.7131	0.0000
9.4800	0.0050	0.0000	-0.0000	0.7154	1.2756
9.4900	0.0050	0.0000	-0.0000	0.7154	0.0000
9.5000	0.0050	0.0000	-0.0000	0.7198	1.2223
9.5100	0.0050	0.0000	-0.0000	0.7131	0.0000
9.5200	0.0050	0.0000	-0.0000	0.7154	1.2756
9.5300	0.0050	0.0000	-0.0000	0.7131	0.0000
9.5400	0.0050	0.0000	-0.0000	0.7154	1.2756
9.5500	0.0050	0.0000	-0.0000	0.7131	0.0000
9.5600	0.0050	0.0000	-0.0000	0.7131	1.3023
9.5700	0.0050	0.0000	-0.0000	0.7131	0.0000
9.5800	0.0050	0.0000	-0.0000	0.7198	1.2223
9.5900	0.0050	0.0000	-0.0000	0.7154	0.0000
9.6000	0.0050	0.0000	-0.0000	0.7131	1.3023
9.6100	0.0050	0.0000	-0.0000	0.7131	0.0000
9.6200	0.0050	0.0000	-0.0000	0.7176	1.2490
9.6300	0.0050	0.0000	-0.0000	0.7131	0.0000
9.6400	0.0050	0.0000	-0.0000	0.7131	1.3023
9.6500	0.0050	0.0000	-0.0000	0.7131	0.0000
9.6600	0.0050	0.0000	-0.0000	0.7131	1.3023
9.6700	0.0050	0.0000	-0.0000	0.7131	0.0000
9.6800	0.0050	0.0000	-0.0000	0.7131	1.3023
9.6900	0.0050	0.0000	-0.0000	0.7131	0.0000
